64 32
32 22
22 13
13 5
5 50
50 54
54 79
79 52
52 84
84 81
81 43
43 3
3 37
37 60
60 45
45 12
12 74
74 63
63 33
33 67
67 72
72 7
7 11
11 87
87 53
53 42
42 65
65 51
51 73
73 14
14 38
38 20
20 30
30 15
15 59
59 68
68 71
71 83
83 62
62 55
55 41
41 27
27 8
8 85
85 6
6 25
25 17
17 35
35 90
90 70
70 77
77 44
44 99
99 18
18 2
2 88
88 0
0 66
66 31
31 40
40 19
19 47
47 36
36 94
94 80
80 29
29 98
98 96
96 4
4 58
58 34
34 92
92 97
97 10
10 24
24 9
9 49
49 48
48 57
57 82
82 91
91 46
46 28
28 26
26 95
95 56
56 21
21 75
75 89
89 76
76 69
69 93
93 39
39 1
1 86
86 61
61 23
23 16
16 78
0 7
1 49
2 73
3 58
4 30
5 72
6 44
8 78
9 23
10 9
11 40
12 65
13 92
14 42
15 87
16 3
17 27
18 29
19 12
20 3
21 69
22 9
24 57
25 60
26 33
28 99
31 78
32 16
34 35
36 97
37 26
38 12
39 67
41 10
43 33
45 79
46 49
47 79
48 21
50 67
51 72
52 93
53 36
54 85
55 45
56 28
59 91
61 94
62 57
63 1
64 53
64 8
66 44
68 90
70 24
71 96
74 30
75 3
76 22
77 66
80 49
81 24
82 1
83 53
84 77
86 8
88 28
89 33
95 98
